Midpoint LowerLim UpperLim PD
0.1 0 0.2 0.052161 280
0.3 0.2 0.4 0.0454545 244
0.5 0.4 0.6 0.0935171 502
0.7 0.6 0.8 0.173249 930
0.9 0.8 1 0.145678 782
1.1 1 1.2 0.112332 603
1.3 1.2 1.4 0.071535 384
1.5 1.4 1.6 0.0318554 171
1.7 1.6 1.8 0.0245902 132
1.9 1.8 2 0.0706036 379
2.1 2 2.2 0.0186289 100
2.3 2.2 2.4 0.0430328 231
2.5 2.4 2.6 0.0143443 77
2.7 2.6 2.8 0.0270119 145
2.9 2.8 3 0.0162072 87
3.1 3 3.2 0.00149031 8
3.3 3.2 3.4 0.0052161 28
3.5 3.4 3.6 0.000931446 5
3.7 3.6 3.8 0.00372578 20
3.9 3.8 4 0.000931446 5
4.1 4 4.2 0 0
4.3 4.2 4.4 0.000558867 3
4.5 4.4 4.6 0.00372578 20
4.7 4.6 4.8 0.00968703 52
4.9 4.8 5 0.00484352 26
5.1 5 5.2 0.000186289 1
5.3 5.2 5.4 0.00298063 16
5.5 5.4 5.6 0.00801043 43
5.7 5.6 5.8 0.000372578 2
5.9 5.8 6 0.0052161 28
6.1 6 6.2 0.000186289 1
6.3 6.2 6.4 0 0
6.5 6.4 6.6 0 0
6.7 6.6 6.8 0 0
6.9 6.8 7 0 0
7.1 7 7.2 0.000186289 1
7.3 7.2 7.4 0 0
7.5 7.4 7.6 0 0
7.7 7.6 7.8 0.000558867 3
7.9 7.8 8 0.00707899 38
8.1 8 8.2 0 0
8.3 8.2 8.4 0 0
8.5 8.4 8.6 0 0
8.7 8.6 8.8 0.000186289 1
8.9 8.8 9 0 0
9.1 9 9.2 0 0
9.3 9.2 9.4 0 0
9.5 9.4 9.6 0 0
9.7 9.6 9.8 0 0
9.9 9.8 10 0 0
10.1 10 10.2 0 0
10.3 10.2 10.4 0.000186289 1
10.5 10.4 10.6 0 0
10.7 10.6 10.8 0 0
10.9 10.8 11 0 0
11.1 11 11.2 0 0
11.3 11.2 11.4 0 0
11.5 11.4 11.6 0 0
11.7 11.6 11.8 0 0
11.9 11.8 12 0 0
12.1 12 12.2 0 0
12.3 12.2 12.4 0 0
12.5 12.4 12.6 0 0
12.7 12.6 12.8 0 0
12.9 12.8 13 0 0
13.1 13 13.2 0.000186289 1
13.3 13.2 13.4 0 0
13.5 13.4 13.6 0 0
13.7 13.6 13.8 0 0
13.9 13.8 14 0 0
14.1 14 14.2 0 0
14.3 14.2 14.4 0 0
14.5 14.4 14.6 0 0
14.7 14.6 14.8 0 0
14.9 14.8 15 0 0
15.1 15 15.2 0 0
15.3 15.2 15.4 0 0
15.5 15.4 15.6 0 0
15.7 15.6 15.8 0.000186289 1
15.9 15.8 16 0 0
16.1 16 16.2 0 0
16.3 16.2 16.4 0 0
16.5 16.4 16.6 0 0
16.7 16.6 16.8 0 0
16.9 16.8 17 0 0
17.1 17 17.2 0 0
17.3 17.2 17.4 0 0
17.5 17.4 17.6 0 0
17.7 17.6 17.8 0 0
17.9 17.8 18 0 0
18.1 18 18.2 0 0
18.3 18.2 18.4 0 0
18.5 18.4 18.6 0 0
18.7 18.6 18.8 0 0
18.9 18.8 19 0 0
19.1 19 19.2 0.000186289 1
19.3 19.2 19.4 0 0
19.5 19.4 19.6 0 0
19.7 19.6 19.8 0 0
19.9 19.8 20 0 0
20.1 20 20.2 0.000186289 1
20.3 20.2 20.4 0 0
20.5 20.4 20.6 0 0
20.7 20.6 20.8 0.000186289 1
20.9 20.8 21 0 0
21.1 21 21.2 0.000372578 2
21.3 21.2 21.4 0.000372578 2
21.5 21.4 21.6 0.00149031 8
21.7 21.6 21.8 0.000186289 1
21.9 21.8 22 0 0
22.1 22 22.2 0 0
22.3 22.2 22.4 0 0
22.5 22.4 22.6 0 0
22.7 22.6 22.8 0 0
22.9 22.8 23 0 0
23.1 23 23.2 0 0
23.3 23.2 23.4 0 0
23.5 23.4 23.6 0.000186289 1
23.7 23.6 23.8 0 0
23.9 23.8 24 0 0
24.1 24 24.2 0 0
24.3 24.2 24.4 0 0
24.5 24.4 24.6 0 0
24.7 24.6 24.8 0 0
24.9 24.8 25 0 0
25.1 25 25.2 0 0
25.3 25.2 25.4 0 0
25.5 25.4 25.6 0 0
25.7 25.6 25.8 0 0
25.9 25.8 26 0 0
26.1 26 26.2 0 0
26.3 26.2 26.4 0 0
26.5 26.4 26.6 0 0
26.7 26.6 26.8 0 0
26.9 26.8 27 0 0
27.1 27 27.2 0 0
27.3 27.2 27.4 0 0
27.5 27.4 27.6 0 0
27.7 27.6 27.8 0 0
27.9 27.8 28 0 0
28.1 28 28.2 0 0
28.3 28.2 28.4 0 0
28.5 28.4 28.6 0 0
28.7 28.6 28.8 0 0
28.9 28.8 29 0 0
29.1 29 29.2 0 0
29.3 29.2 29.4 0 0
29.5 29.4 29.6 0 0
29.7 29.6 29.8 0 0
29.9 29.8 30 0 0
30.1 30 30.2 0 0
30.3 30.2 30.4 0 0
30.5 30.4 30.6 0 0
30.7 30.6 30.8 0 0
30.9 30.8 31 0 0
31.1 31 31.2 0 0
31.3 31.2 31.4 0 0
31.5 31.4 31.6 0 0
31.7 31.6 31.8 0 0
31.9 31.8 32 0 0
32.1 32 32.2 0 0
32.3 32.2 32.4 0 0
32.5 32.4 32.6 0 0
32.7 32.6 32.8 0 0
32.9 32.8 33 0 0
33.1 33 33.2 0 0
33.3 33.2 33.4 0 0
33.5 33.4 33.6 0 0
33.7 33.6 33.8 0 0
33.9 33.8 34 0 0
34.1 34 34.2 0 0
34.3 34.2 34.4 0 0
34.5 34.4 34.6 0 0
34.7 34.6 34.8 0 0
34.9 34.8 35 0 0
35.1 35 35.2 0 0
35.3 35.2 35.4 0 0
35.5 35.4 35.6 0 0
35.7 35.6 35.8 0 0
35.9 35.8 36 0 0
36.1 36 36.2 0 0
36.3 36.2 36.4 0 0
36.5 36.4 36.6 0 0
36.7 36.6 36.8 0 0
36.9 36.8 37 0 0
37.1 37 37.2 0 0
37.3 37.2 37.4 0 0
37.5 37.4 37.6 0 0
37.7 37.6 37.8 0 0
37.9 37.8 38 0 0
38.1 38 38.2 0 0
38.3 38.2 38.4 0 0
38.5 38.4 38.6 0 0
38.7 38.6 38.8 0 0
38.9 38.8 39 0 0
39.1 39 39.2 0 0
39.3 39.2 39.4 0 0
39.5 39.4 39.6 0 0
39.7 39.6 39.8 0 0
39.9 39.8 40 0 0
40.1 40 40.2 0 0
40.3 40.2 40.4 0 0
40.5 40.4 40.6 0 0
40.7 40.6 40.8 0 0
40.9 40.8 41 0 0
41.1 41 41.2 0 0
41.3 41.2 41.4 0 0
41.5 41.4 41.6 0 0
41.7 41.6 41.8 0 0
41.9 41.8 42 0 0
42.1 42 42.2 0 0
42.3 42.2 42.4 0 0
42.5 42.4 42.6 0 0
42.7 42.6 42.8 0 0
42.9 42.8 43 0 0
43.1 43 43.2 0 0
43.3 43.2 43.4 0 0
43.5 43.4 43.6 0 0
43.7 43.6 43.8 0 0
43.9 43.8 44 0 0
44.1 44 44.2 0 0
44.3 44.2 44.4 0 0
44.5 44.4 44.6 0 0
44.7 44.6 44.8 0 0
44.9 44.8 45 0 0
45.1 45 45.2 0 0
45.3 45.2 45.4 0 0
45.5 45.4 45.6 0 0
45.7 45.6 45.8 0 0
45.9 45.8 46 0 0
46.1 46 46.2 0 0
46.3 46.2 46.4 0 0
46.5 46.4 46.6 0 0
46.7 46.6 46.8 0 0
46.9 46.8 47 0 0
47.1 47 47.2 0 0
47.3 47.2 47.4 0 0
47.5 47.4 47.6 0 0
47.7 47.6 47.8 0 0
47.9 47.8 48 0 0
48.1 48 48.2 0 0
48.3 48.2 48.4 0 0
48.5 48.4 48.6 0 0
48.7 48.6 48.8 0 0
48.9 48.8 49 0 0
49.1 49 49.2 0 0
49.3 49.2 49.4 0 0
49.5 49.4 49.6 0 0
49.7 49.6 49.8 0 0
49.9 49.8 50 0 0
50.1 50 50.2 0 0
